 $DATA  
water                                                                           
C1       0
O           8.0      0.0000000000      0.0000000000      0.0000000000
   STO     3
        
H           1.0      0.9900000000      0.0000000000      0.0000000000
   STO     3
        
H           1.0     -0.2728810000      0.9516490000      0.0000000000
   STO     3
        
 $END      
--- CLOSED SHELL ORBITALS --- GENERATED AT Thu Aug 10 21:46:11 2017
water                                                                           
E(RHF)=      -74.9643287920, E(NUC)=    8.8870072224,   13 ITERS
 $VEC   
 1  1 9.94202990E-01 2.59157151E-02 2.40311554E-03 3.18904296E-03 0.00000000E+00
 1  2-5.62726478E-03-5.62726567E-03
 2  1-2.34217935E-01 8.45881798E-01 7.04411127E-02 9.34785483E-02-0.00000000E+00
 2  2 1.56449309E-01 1.56449336E-01
 3  1-1.17687505E-08 6.36837884E-08 4.81820843E-01-3.63078078E-01 0.00000000E+00
 3  2 4.46376801E-01-4.46376807E-01
 4  1 1.00458159E-01-5.21395067E-01 4.65965488E-01 6.18357071E-01 0.00000000E+00
 4  2 2.89063958E-01 2.89063907E-01
 5  1-0.00000000E+00-0.00000000E+00-0.00000000E+00-0.00000000E+00 1.00000000E+00
 5  2-0.00000000E+00-0.00000000E+00
 6  1-1.28350522E-01 8.32525679E-01 4.40905546E-01 5.85101037E-01-0.00000000E+00
 6  2-7.75800880E-01-7.75800504E-01
 7  1 3.90260203E-08-2.79856650E-07 7.79855187E-01-5.87663268E-01 0.00000000E+00
 7  2-8.08915389E-01 8.08915850E-01
 $END   
 POPULATION ANALYSIS
O            8.33921  -0.33921   8.23786  -0.23786
H            0.83039   0.16961   0.88107   0.11893
H            0.83039   0.16961   0.88107   0.11893
 MOMENTS AT POINT    1 X,Y,Z=  0.075831  0.100631  0.000000
 DIPOLE       1.007144  1.336525  0.000000
 $CISVEC
        16 DETS,  10 STATES
STATE   1 ENERGY=      -74.5903204319
 -5.162518E-25 -7.854335E-25 -5.231852E-24 -3.137650E-24  7.547795E-25
  3.329251E-24  7.071068E-01  4.435383E-08  5.162518E-25  7.854335E-25
  5.231852E-24  3.137650E-24 -7.547795E-25 -3.329251E-24 -7.071068E-01
 -4.435383E-08
STATE   2 ENERGY=      -74.5150077566
  4.969647E-23 -9.912759E-24 -8.154384E-23  1.622101E-22  3.291240E-22
 -3.007468E-23 -7.071068E-01 -1.339249E-07 -4.969647E-23  9.912759E-24
  8.154384E-23 -1.622101E-22 -3.291240E-22  3.007468E-23 -7.071068E-01
 -1.339249E-07
STATE   3 ENERGY=      -74.5132556417
 -7.179490E-02  4.187340E-09 -2.059012E-07 -1.633350E-01 -6.842274E-01
 -1.709596E-07 -3.703078E-22  5.335861E-17  7.179490E-02 -4.187340E-09
  2.059012E-07  1.633350E-01  6.842274E-01  1.709596E-07 -3.691914E-22
  3.986563E-17
STATE   4 ENERGY=      -74.4901149960
 -1.231448E-17 -3.612548E-17 -2.505322E-16 -7.313251E-17  1.136117E-17
  1.071487E-16  4.435383E-08 -7.071068E-01  1.231448E-17  3.612548E-17
  2.505322E-16  7.313251E-17 -1.136117E-17 -1.071487E-16 -4.435383E-08
  7.071068E-01
STATE   5 ENERGY=      -74.4450050939
  2.924123E-08 -3.333527E-02 -3.789966E-01  1.581717E-07  2.219420E-07
 -5.960288E-01  1.222570E-21 -6.054669E-15 -2.924123E-08  3.333527E-02
  3.789966E-01 -1.581717E-07 -2.219420E-07  5.960288E-01  1.226842E-21
 -6.152800E-15
STATE   6 ENERGY=      -74.4407757938
  6.968716E-17  2.340153E-16  2.919383E-15  4.493492E-16 -1.662951E-16
  5.400980E-15  1.339249E-07 -7.071068E-01 -6.968716E-17 -2.340153E-16
 -2.919383E-15 -4.493492E-16  1.662951E-16 -5.400980E-15  1.339249E-07
 -7.071068E-01
STATE   7 ENERGY=      -74.3813542385
 -4.333607E-02  1.400482E-08 -1.701536E-07 -1.751963E-01  6.836872E-01
  5.128498E-08 -1.458955E-31 -4.021222E-24 -4.333607E-02  1.400482E-08
 -1.701536E-07 -1.751963E-01  6.836872E-01  5.128498E-08 -7.288154E-31
 -2.997638E-24
STATE   8 ENERGY=      -74.3378200957
 -7.240865E-08 -8.862262E-02 -5.897324E-01 -1.649535E-07  1.289641E-07
  3.799496E-01 -4.740963E-23  8.635509E-16  7.240865E-08  8.862262E-02
  5.897324E-01  1.649535E-07 -1.289641E-07 -3.799496E-01 -3.035176E-23
  7.850462E-17
STATE   9 ENERGY=      -74.2969138467
  2.255140E-08  3.509271E-03 -3.116385E-01  1.073211E-07 -9.631246E-08
  6.347197E-01 -4.772074E-32  5.578089E-30  2.255140E-08  3.509271E-03
 -3.116385E-01  1.073211E-07 -9.631246E-08  6.347197E-01 -1.294090E-31
  1.227180E-29
STATE  10 ENERGY=      -74.2593563952
  1.093989E-01 -7.523721E-08 -1.056326E-07  6.768212E-01 -1.730461E-01
  1.919188E-07 -3.210055E-23  5.102800E-16 -1.093989E-01  7.523721E-08
  1.056326E-07 -6.768212E-01  1.730461E-01 -1.919188E-07 -3.604188E-23
  7.457939E-16
 $END
CIS NATURAL ORBITALS, E(CIS)=      -74.5903204319  EXCITED STATE     1
 $VEC
 1  1 8.16268752E-08-3.69211691E-07 5.48722256E-01-4.13491286E-01 1.28749008E-19
 1  2 3.73295915E-01-3.73295772E-01
 2  1 1.57316423E-01-7.54402226E-01 4.29137368E-01 5.69485169E-01 0.00000000E+00
 2  2 1.60297549E-01 1.60298029E-01
 3  1-4.79997688E-01-4.63470100E-01-1.96592153E-01-2.60886640E-01-4.65522532E-16
 3  2-1.98704015E-01-1.98704036E-01
 4  1-8.91999027E-01 3.52001101E-01 1.43893564E-01 1.90953238E-01-1.25140817E-15
 4  2 1.60127950E-01 1.60127966E-01
 5  1 8.58742493E-16-1.47016496E-16-1.39353990E-16-1.58244687E-17-1.00000000E+00
 5  2 2.32476733E-17-1.64276435E-16
 6  1 1.38039204E-01-8.79379006E-01-4.15904143E-01-5.51923054E-01-1.77876919E-20
 6  2 7.86837660E-01 7.86837140E-01
 7  1 4.40375867E-08-3.16523315E-07 7.34322556E-01-5.53352032E-01 1.11022302E-16
 7  2-8.45131049E-01 8.45131586E-01
 $END
 POPULATION ANALYSIS
O            7.91758   0.08242   7.85279   0.14721
H            1.04121  -0.04121   1.07361  -0.07361
H            1.04121  -0.04121   1.07361  -0.07361
 MOMENTS AT POINT    1 X,Y,Z=  0.075831  0.100631  0.000000
 DIPOLE      -0.032300 -0.042861 -0.000000
----- TOP OF INPUT FILE FOR BADER'S AIMPAC PROGRAM -----
water                                                                           
GAUSSIAN              7 MOL ORBITALS     21 PRIMITIVES        3 NUCLEI
  O    1    (CENTRE  1)   0.00000000  0.00000000  0.00000000  CHARGE =  8.0
  H    2    (CENTRE  2)   1.87082873  0.00000000  0.00000000  CHARGE =  1.0
  H    3    (CENTRE  3)  -0.51567032  1.79835585  0.00000000  CHARGE =  1.0
CENTRE ASSIGNMENTS    1  1  1  1  1  1  1  1  1  1  1  1  1  1  1  2  2  2  3  3
CENTRE ASSIGNMENTS    3
TYPE ASSIGNMENTS      1  1  1  1  1  1  2  2  2  3  3  3  4  4  4  1  1  1  1  1
TYPE ASSIGNMENTS      1
EXPONENTS  1.3070932E+02 2.3808866E+01 6.4436083E+00 5.0331513E+00 1.1695961E+00
EXPONENTS  3.8038896E-01 5.0331513E+00 1.1695961E+00 3.8038896E-01 5.0331513E+00
EXPONENTS  1.1695961E+00 3.8038896E-01 5.0331513E+00 1.1695961E+00 3.8038896E-01
EXPONENTS  3.4252509E+00 6.2391373E-01 1.6885540E-01 3.4252509E+00 6.2391373E-01
EXPONENTS  1.6885540E-01
MO  1                     OCC NO =   2.01580222 ORB. ENERGY =   0.00000000
  3.47072843E-07  3.35673744E-07  1.04614844E-07  8.83940803E-08 -1.18234224E-07
 -8.92331322E-08  9.19356812E-01  5.78116234E-01  9.15833244E-02 -6.92784057E-01
 -4.35641206E-01 -6.90128862E-02  2.15712551E-19  1.35645840E-19  2.14885801E-20
  1.03378463E-01  9.99831492E-02  3.11603804E-02 -1.03378424E-01 -9.99831109E-02
 -3.11603685E-02
MO  2                     OCC NO =   2.00362684 ORB. ENERGY =   0.00000000
  6.68900506E-01  6.46931448E-01  2.01620275E-01  1.80613704E-01 -2.41585420E-01
 -1.82328120E-01  7.18998288E-01  4.52125418E-01  7.16242623E-02  9.54144038E-01
  5.99991376E-01  9.50487143E-02  0.00000000E+00  0.00000000E+00  0.00000000E+00
  4.43918983E-02  4.29339114E-02  1.33806249E-02  4.43920312E-02  4.29340400E-02
  1.33806649E-02
MO  3                     OCC NO =   2.00000000 ORB. ENERGY =   0.00000000
 -2.04092294E+00 -1.97389182E+00 -6.15175862E-01  1.10960769E-01 -1.48418993E-01
 -1.12014028E-01 -3.29380361E-01 -2.07123210E-01 -3.28117964E-02 -4.37102571E-01
 -2.74861826E-01 -4.35427313E-02 -7.79959817E-16 -4.90459663E-16 -7.76970508E-17
 -5.50279683E-02 -5.32206552E-02 -1.65865536E-02 -5.50279742E-02 -5.32206609E-02
 -1.65865554E-02
MO  4                     OCC NO =   2.00000000 ORB. ENERGY =   0.00000000
 -3.79272927E+00 -3.66816263E+00 -1.14320607E+00 -8.42736413E-02  1.12722803E-01
  8.50735812E-02  2.41086501E-01  1.51601661E-01  2.40162502E-02  3.19932639E-01
  2.01182229E-01  3.18706451E-02 -2.09667206E-15 -1.31844366E-15 -2.08863627E-16
  4.43449306E-02  4.28884863E-02  1.33664679E-02  4.43449350E-02  4.28884905E-02
  1.33664692E-02
MO  5                     OCC NO =   1.00000000 ORB. ENERGY =   0.00000000
  3.65132437E-15  3.53140197E-15  1.10058375E-15  3.51976610E-17 -4.70797151E-17
 -3.55317633E-17 -2.33480669E-16 -1.46818910E-16 -2.32585821E-17 -2.65131093E-17
 -1.66721546E-17 -2.64114939E-18 -1.67545020E+00 -1.05356804E+00 -1.66902879E-01
  6.43807943E-18  6.22663013E-18  1.94056864E-18 -4.54937885E-17 -4.39996116E-17
 -1.37127571E-17
MO  6                     OCC NO =   0.99637316 ORB. ENERGY =   0.00000000
  5.86934866E-01  5.67657850E-01  1.76914157E-01  2.10534770E-01 -2.81607264E-01
 -2.12533203E-01 -6.96826677E-01 -4.38183314E-01 -6.94155988E-02 -9.24719588E-01
 -5.81488492E-01 -9.21175467E-02 -2.98023919E-20 -1.87405438E-20 -2.96881699E-21
  2.17902380E-01  2.10745695E-01  6.56802281E-02  2.17902236E-01  2.10745556E-01
  6.56801846E-02
MO  7                     OCC NO =  -0.01580222 ORB. ENERGY =   0.00000000
  1.87245321E-07  1.81095522E-07  5.64395642E-08  7.57797981E-08 -1.01361602E-07
 -7.64991130E-08  1.23032087E+00  7.73658778E-01  1.22560549E-01 -9.27113770E-01
 -5.82994018E-01 -9.23560473E-02  1.86012338E-16  1.16969550E-16  1.85299419E-17
 -2.34045822E-01 -2.26358930E-01 -7.05461913E-02  2.34045971E-01  2.26359073E-01
  7.05462361E-02
END DATA
CIS      ENERGY =      -74.5903204319   VIRIAL(-V/T)  =   1.99452241
----- END OF INPUT FILE FOR BADER'S AIMPAC PROGRAM -----
