 $DATA
water                                                                           
C1       1
O           8.0      0.0000000000      0.0000000000      0.0000000000
   STO        3
           
H           1.0      0.9900000000      0.0000000000      0.0000000000
   STO        3
           
H           1.0     -0.2728810000      0.9516490000      0.0000000000
   STO        3
           
 $END      
--- RHF ORBITALS --- GENERATED AT 21:49:43 10-AUG-2017    
water                                                                           
E(RHF)=      -74.9643287896, E(NUC)=    8.8870065747,   11 ITERS
 $VEC
 1  1 9.94202989E-01 2.59157166E-02 2.40311499E-03 3.18904222E-03 0.00000000E+00
 1  2-5.62726477E-03-5.62726566E-03
 2  1 2.34217903E-01-8.45881620E-01-7.04411642E-02-9.34786167E-02 0.00000000E+00
 2  2-1.56449447E-01-1.56449474E-01
 3  1-1.17678333E-08 6.36768563E-08 4.81820495E-01-3.63077816E-01 0.00000000E+00
 3  2 4.46377165E-01-4.46377171E-01
 4  1 1.00458092E-01-5.21394467E-01 4.65965872E-01 6.18357581E-01 0.00000000E+00
 4  2 2.89063228E-01 2.89063178E-01
 5  1 0.00000000E+00 0.00000000E+00 0.00000000E+00 0.00000000E+00-1.00000000E+00
 5  2 0.00000000E+00 0.00000000E+00
 6  1 1.28350629E-01-8.32526130E-01-4.40905119E-01-5.85100470E-01 0.00000000E+00
 6  2 7.75801085E-01 7.75800709E-01
 7  1 3.90287765E-08-2.79871745E-07 7.79855370E-01-5.87663406E-01 0.00000000E+00
 7  2-8.08915130E-01 8.08915592E-01
 $END
 POPULATION ANALYSIS
O            8.33921  -0.33921   8.23786  -0.23786
H            0.83039   0.16961   0.88107   0.11893
H            0.83039   0.16961   0.88107   0.11893
 MOMENTS AT POINT    1 X,Y,Z=  0.075831  0.100631  0.000000
 DIPOLE       1.007145  1.336526  0.000000
 $CISVEC
        16 DETS,  16 STATES
STATE   1 ENERGY=      -74.5903206308
 -3.841975E-24  5.307506E-24  3.882346E-23 -2.589207E-23 -1.320371E-23
  6.031699E-24 -7.071068E-01  4.437631E-08  3.841975E-24 -5.307506E-24
 -3.882346E-23  2.589207E-23  1.320371E-23 -6.031699E-24  7.071068E-01
 -4.437631E-08
STATE   2 ENERGY=      -74.5150079358
  9.134558E-23  2.711844E-24  3.131698E-23  2.325763E-22 -7.913383E-22
 -4.853983E-23 -7.071068E-01  1.339371E-07 -9.134558E-23 -2.711844E-24
 -3.131698E-23 -2.325763E-22  7.913383E-22  4.853983E-23 -7.071068E-01
  1.339371E-07
STATE   3 ENERGY=      -74.5132555069
  7.179507E-02  4.188292E-09 -2.059171E-07  1.633350E-01 -6.842274E-01
  1.709683E-07  8.764827E-22  4.661212E-16 -7.179507E-02 -4.188292E-09
  2.059171E-07 -1.633350E-01  6.842274E-01 -1.709683E-07  8.209321E-22
 -2.306073E-16
STATE   4 ENERGY=      -74.4901150798
  1.352499E-16 -1.575308E-16 -1.229373E-15  6.940048E-16 -1.727538E-16
  1.801595E-16 -4.437631E-08 -7.071068E-01 -1.352499E-16  1.575308E-16
  1.229373E-15 -6.940048E-16  1.727538E-16 -1.801595E-16  4.437631E-08
  7.071068E-01
STATE   5 ENERGY=      -74.4450049585
  2.924450E-08  3.333548E-02  3.789980E-01  1.581750E-07 -2.219574E-07
 -5.960279E-01  9.740950E-22  4.278502E-15 -2.924450E-08 -3.333548E-02
 -3.789980E-01 -1.581750E-07  2.219574E-07  5.960279E-01  1.045240E-21
  5.770090E-15
STATE   6 ENERGY=      -74.4407758345
 -2.594006E-17  2.421614E-16  2.738779E-15 -2.115439E-16 -1.770799E-16
 -4.257200E-15 -1.339371E-07 -7.071068E-01  2.594006E-17 -2.421614E-16
 -2.738779E-15  2.115439E-16  1.770799E-16  4.257200E-15 -1.339371E-07
 -7.071068E-01
STATE   7 ENERGY=      -74.3813543196
 -4.333605E-02 -1.400713E-08  1.701543E-07 -1.751960E-01 -6.836873E-01
  5.123041E-08 -6.979451E-30  8.682184E-26 -4.333605E-02 -1.400713E-08
  1.701543E-07 -1.751960E-01 -6.836873E-01  5.123041E-08 -5.281636E-30
 -3.198699E-26
STATE   8 ENERGY=      -74.3378203500
 -7.241601E-08  8.862257E-02  5.897315E-01 -1.649930E-07 -1.289824E-07
  3.799510E-01 -2.325034E-23 -7.850462E-16  7.241601E-08 -8.862257E-02
 -5.897315E-01  1.649930E-07  1.289824E-07 -3.799510E-01  2.469258E-23
  7.850462E-16
STATE   9 ENERGY=      -74.2969137907
  2.254798E-08 -3.509325E-03  3.116388E-01  1.073205E-07  9.626258E-08
  6.347196E-01 -1.012471E-30 -4.706513E-31  2.254798E-08 -3.509325E-03
  3.116388E-01  1.073205E-07  9.626258E-08  6.347196E-01 -6.600950E-31
  1.133049E-30
STATE  10 ENERGY=      -74.2593564086
 -1.093990E-01 -7.524668E-08 -1.056679E-07 -6.768212E-01 -1.730461E-01
 -1.919423E-07  5.773876E-24 -3.925231E-16  1.093990E-01  7.524668E-08
  1.056679E-07  6.768212E-01  1.730461E-01  1.919423E-07  3.074803E-23
  8.635509E-16
STATE  11 ENERGY=      -74.1904033948
 -5.316114E-10  3.438941E-02  6.340515E-01  1.011611E-07  1.078945E-07
 -3.111206E-01 -1.069396E-31 -7.381163E-32 -5.316114E-10  3.438941E-02
  6.340515E-01  1.011611E-07  1.078945E-07 -3.111206E-01 -6.202615E-32
  1.544324E-31
STATE  12 ENERGY=      -73.9318843655
  1.248287E-01  2.635711E-08  9.677579E-08 -6.760788E-01  1.653339E-01
  3.743454E-08 -1.112328E-30  1.784988E-29  1.248287E-01  2.635712E-08
  9.677579E-08 -6.760788E-01  1.653339E-01  3.743454E-08 -5.574050E-31
 -1.784988E-29
STATE  13 ENERGY=      -73.7297225443
  6.948938E-01  1.846403E-08  4.711821E-08 -1.234292E-01  4.344992E-02
  1.615292E-08 -4.928435E-26 -4.599880E-18 -6.948938E-01 -1.846403E-08
 -4.711821E-08  1.234292E-01 -4.344992E-02 -1.615292E-08 -6.723016E-26
 -5.213198E-18
STATE  14 ENERGY=      -73.6128319589
  2.271936E-08 -7.007387E-01  9.261313E-02  5.706031E-08 -1.123406E-08
  1.969829E-02 -4.930731E-27 -5.749850E-19 -2.271936E-08  7.007387E-01
 -9.261313E-02 -5.706031E-08  1.123406E-08 -1.969829E-02 -6.499884E-27
 -6.516497E-19
STATE  15 ENERGY=      -73.5347646428
 -6.946508E-01  4.470451E-07 -1.928910E-09 -1.105616E-01  7.236258E-02
  3.581526E-08 -6.440280E-31 -9.482751E-30 -6.946508E-01  4.470451E-07
 -1.928910E-09 -1.105616E-01  7.236258E-02  3.581526E-08 -2.931731E-31
 -8.367133E-30
STATE  16 ENERGY=      -73.4975714249
  4.343159E-07  7.062613E-01 -2.932486E-02  8.734625E-08 -7.030850E-08
  1.830299E-02 -9.658999E-32 -5.582585E-32  4.343159E-07  7.062613E-01
 -2.932486E-02  8.734625E-08 -7.030850E-08  1.830299E-02 -4.372001E-32
  1.030795E-31
 $END
CIS   NATURAL ORBITALS, E(CIS  )=      -74.5903206308  EXCITED STATE     1
 $VEC
 1  1 4.16904431E-01-7.94581686E-01 4.95690863E-01 3.31814284E-01 0.00000000E+00
 1  2 3.02373978E-01 1.20638028E-02
 2  1-6.80677129E-01-3.79739670E-01-1.28177729E-01 3.39785157E-01 0.00000000E+00
 2  2-1.76694139E-01 2.77381954E-01
 3  1-2.10401092E-01-2.97779709E-01-2.67185168E-02-5.44152028E-01 0.00000000E+00
 3  2-1.17243223E-02-4.64742974E-01
 4  1-6.09909960E-01 3.51858638E-01 4.37481513E-01-3.58318050E-02 0.00000000E+00
 4  2 4.29569457E-01-1.19356140E-01
 5  1-2.78241204E-03 1.80476772E-02 9.55803533E-03 1.26839307E-02-9.99765000E-01
 5  2-1.68179808E-02-1.68179705E-02
 6  1 1.28320467E-01-8.32330486E-01-4.40801555E-01-5.84962934E-01-2.16782112E-02
 6  2 7.75618822E-01 7.75618345E-01
 7  1 4.70837503E-08-3.32119064E-07 7.79855343E-01-5.87663443E-01 0.00000000E+00
 7  2-8.08915082E-01 8.08915640E-01
 $END
 POPULATION ANALYSIS
O            7.69783   0.30217   7.66045   0.33955
H            1.15109  -0.15109   1.16978  -0.16978
H            1.15109  -0.15109   1.16978  -0.16978
 MOMENTS AT POINT    1 X,Y,Z=  0.075831  0.100631  0.000000
 DIPOLE      -0.460329 -0.610874  0.000000
CIS   NATURAL ORBITALS, E(CIS  )=      -74.5903206308  EXCITED STATE     1
 $VEC
 1  1 8.16582621E-08-3.69321817E-07 5.48721974E-01-4.13491074E-01 0.00000000E+00
 1  2 3.73296245E-01-3.73296102E-01
 2  1 1.57308485E-01-7.54401865E-01 4.29137522E-01 5.69485373E-01 0.00000000E+00
 2  2 1.60296744E-01 1.60297224E-01
 3  1-6.50333100E-01-3.82780986E-01-1.63465107E-01-2.16925558E-01 0.00000000E+00
 3  2-1.62251659E-01-1.62251677E-01
 4  1-7.76614127E-01 4.38392105E-01 1.80646647E-01 2.39726232E-01 0.00000000E+00
 4  2 1.96973592E-01 1.96973612E-01
 5  1 0.00000000E+00 0.00000000E+00 0.00000000E+00 0.00000000E+00-1.00000000E+00
 5  2 0.00000000E+00 0.00000000E+00
 6  1 1.38038834E-01-8.79379435E-01-4.15903705E-01-5.51922473E-01 0.00000000E+00
 6  2 7.86837817E-01 7.86837296E-01
 7  1-4.40427409E-08 3.16560617E-07-7.34322733E-01 5.53352165E-01 0.00000000E+00
 7  2 8.45130848E-01-8.45131385E-01
 $END
 POPULATION ANALYSIS
O            7.91758   0.08242   7.85279   0.14721
H            1.04121  -0.04121   1.07361  -0.07361
H            1.04121  -0.04121   1.07361  -0.07361
 MOMENTS AT POINT    1 X,Y,Z=  0.075831  0.100631  0.000000
 DIPOLE      -0.032301 -0.042862  0.000000
----- TOP OF INPUT FILE FOR BADER'S AIMPAC PROGRAM -----
water                                                                           
GAUSSIAN              7 MOL ORBITALS     21 PRIMITIVES        3 NUCLEI
  O    1    (CENTRE  1)   0.00000000  0.00000000  0.00000000  CHARGE =  8.0
  H    2    (CENTRE  2)   1.87082886  0.00000000  0.00000000  CHARGE =  1.0
  H    3    (CENTRE  3)  -0.51567035  1.79835598  0.00000000  CHARGE =  1.0
CENTRE ASSIGNMENTS    1  1  1  1  1  1  1  1  1  1  1  1  1  1  1  2  2  2  3  3
CENTRE ASSIGNMENTS    3
TYPE ASSIGNMENTS      1  1  1  1  1  1  2  2  2  3  3  3  4  4  4  1  1  1  1  1
TYPE ASSIGNMENTS      1
EXPONENTS  1.3070932E+02 2.3808866E+01 6.4436083E+00 5.0331513E+00 1.1695961E+00
EXPONENTS  3.8038896E-01 5.0331513E+00 1.1695961E+00 3.8038896E-01 5.0331513E+00
EXPONENTS  1.1695961E+00 3.8038896E-01 5.0331513E+00 1.1695961E+00 3.8038896E-01
EXPONENTS  3.4252509E+00 6.2391373E-01 1.6885540E-01 3.4252509E+00 6.2391373E-01
EXPONENTS  1.6885540E-01
MO  1                     OCC NO =   2.01580224 ORB. ENERGY =   0.00000000
  3.47206298E-07  3.35802816E-07  1.04655070E-07  8.84204460E-08 -1.18269490E-07
 -8.92597482E-08  9.19356339E-01  5.78115937E-01  9.15832773E-02 -6.92783701E-01
 -4.35640982E-01 -6.90128507E-02  0.00000000E+00  0.00000000E+00  0.00000000E+00
  1.03378555E-01  9.99832376E-02  3.11604080E-02 -1.03378515E-01 -9.99831994E-02
 -3.11603961E-02
MO  2                     OCC NO =   2.00362684 ORB. ENERGY =   0.00000000
  6.68866753E-01  6.46898804E-01  2.01610101E-01  1.80613617E-01 -2.41585304E-01
 -1.82328033E-01  7.18998546E-01  4.52125580E-01  7.16242880E-02  9.54144380E-01
  5.99991591E-01  9.50487484E-02  0.00000000E+00  0.00000000E+00  0.00000000E+00
  4.43916755E-02  4.29336959E-02  1.33805577E-02  4.43918084E-02  4.29338244E-02
  1.33805978E-02
MO  3                     OCC NO =   2.00000000 ORB. ENERGY =   0.00000000
 -2.76517945E+00 -2.67436118E+00 -8.33481566E-01  9.16427462E-02 -1.22579577E-01
 -9.25126350E-02 -2.73877646E-01 -1.72221613E-01 -2.72827970E-02 -3.63447969E-01
 -2.28545836E-01 -3.62055002E-02  0.00000000E+00  0.00000000E+00  0.00000000E+00
 -4.49330585E-02 -4.34572980E-02 -1.35437416E-02 -4.49330634E-02 -4.34573027E-02
 -1.35437431E-02
MO  4                     OCC NO =   2.00000000 ORB. ENERGY =   0.00000000
 -3.30211922E+00 -3.19366595E+00 -9.95326179E-01 -1.04956771E-01  1.40388161E-01
  1.05953039E-01  3.02664459E-01  1.90323534E-01  3.01504454E-02  4.01649363E-01
  2.52567898E-01  4.00109984E-02  0.00000000E+00  0.00000000E+00  0.00000000E+00
  5.45487547E-02  5.27571807E-02  1.64421089E-02  5.45487602E-02  5.27571860E-02
  1.64421105E-02
MO  5                     OCC NO =   1.00000000 ORB. ENERGY =   0.00000000
  0.00000000E+00  0.00000000E+00  0.00000000E+00  0.00000000E+00  0.00000000E+00
  0.00000000E+00  0.00000000E+00  0.00000000E+00  0.00000000E+00  0.00000000E+00
  0.00000000E+00  0.00000000E+00 -1.67545020E+00 -1.05356804E+00 -1.66902879E-01
  0.00000000E+00  0.00000000E+00  0.00000000E+00  0.00000000E+00  0.00000000E+00
  0.00000000E+00
MO  6                     OCC NO =   0.99637316 ORB. ENERGY =   0.00000000
  5.86933292E-01  5.67656327E-01  1.76913683E-01  2.10534873E-01 -2.81607401E-01
 -2.12533306E-01 -6.96825945E-01 -4.38182853E-01 -6.94155259E-02 -9.24718616E-01
 -5.81487881E-01 -9.21174499E-02  0.00000000E+00  0.00000000E+00  0.00000000E+00
  2.17902423E-01  2.10745737E-01  6.56802411E-02  2.17902279E-01  2.10745598E-01
  6.56801977E-02
MO  7                     OCC NO =  -0.01580224 ORB. ENERGY =   0.00000000
 -1.87267236E-07 -1.81116718E-07 -5.64461700E-08 -7.57887286E-08  1.01373547E-07
  7.65081283E-08 -1.23032117E+00 -7.73658965E-01 -1.22560578E-01  9.27113994E-01
  5.82994158E-01  9.23560695E-02  0.00000000E+00  0.00000000E+00  0.00000000E+00
  2.34045766E-01  2.26358876E-01  7.05461745E-02 -2.34045915E-01 -2.26359020E-01
 -7.05462193E-02
END DATA
CIS      ENERGY =      -74.5903206308   VIRIAL(-V/T)  =   1.99452239
----- END OF INPUT FILE FOR BADER'S AIMPAC PROGRAM -----
